1111111111111111111111
1020000000001000000001
1000000000001000000001
1003003000001000000001
1000000000001000000001
1000000000001000000001
1000000000001000000001
1004040000000000000001
1000000000000000000001
1000000000000000000001
1000000000000000000001
1000000000000000000001
1000000000000000000001
1000000000000000000001
1000000000000000000001
1000000000000000000001
1000000000000000000001
1000000000000000000001
1000000000000000000001
1000000000000000000001
1000000000000000000001
1111111111111111111111